0
0
0
0
0
0
0
8
19
18
14
11
0
0
0
0
0
0
0
0
0
0
0
0
0
0
0
0
8
11
0
0
0
0
0
0
0
0
0
0
0
0
0
0
0
0
0
0
0
0
0
0
0
0
0
0
0
0
0
0
0
0
0
4
2
2
2
5
0
0
0
4
2
2
2
5
0
0
0
0
0
0
0
3
0
0
0
3
0
0
0
3
0
0
0
3
0
0
0
0
0
0
0
3
0
0
0
3
0
0
0
3
0
0
0
3
0
0
0
0
0
0
0
3
0
0
0
3
0
0
0
3
0
0
0
3
0
0
0
0
0
0
0
3
0
0
0
3
0
0
0
3
0
0
0
3
0
0
0
0
0
0
0
3
0
0
0
3
0
0
0
3
0
0
0
3
0
0
0
0
0
0
0
3
0
0
0
3
0
0
0
3
0
0
0
3
0
0
0
0
2
2
2
6
0
0
0
3
0
0
0
3
0
0
0
7
2
2
2
2
0
0
0
0
0
0
0
3
0
0
0
3
0
0
0
0
0
0
0
0
0
0
0
0
0
0
0
3
0
0
0
3
0
0
0
0
0
0
0
0
12
10
0
0
0
0
0
3
0
0
0
3
0
0
0
0
0
0
0
9
1
17
10
0
0
0
0
3
0
0
0
3
0
0
0
0
0
9
12
16
1
1
17
10
0
0
0
3
0
0
0
3
0
0
0
0
9
16
1
1
1
1
1
13
0
0
0
7
2
2
2
6
0
0
0
9
16
1
1
1
1
1
1
13
0
0
0
0
0
0
0
0
0
0
9
16
1
1
1
1
1
1
1
17
10
0
0
0
0
0
0
0
0
9
16
1
1
1
1
1
1
1
1
1
13
0
0
0
0
0
0
0
0
15
1
1
1
1
1
1
0
10
19
10
